1.000000000000000056e-01 9.335401740993343189e-01
2.000000000000000111e-01 9.301711888702682840e-01
3.000000000000000444e-01 9.242065833844896883e-01
4.000000000000000222e-01 9.162917942352684086e-01
5.000000000000000000e-01 9.060197030307477473e-01
5.999999999999999778e-01 8.935309127176385147e-01
7.000000000000000666e-01 8.793518918782233795e-01
8.000000000000000444e-01 8.627880907799740928e-01
9.000000000000000222e-01 8.446805814022142478e-01
1.000000000000000000e+00 8.248330977388482754e-01
1.100000000000000089e+00 8.033651229508240732e-01
1.200000000000000178e+00 7.807860781707737230e-01
1.300000000000000266e+00 7.566866581102621447e-01
1.400000000000000133e+00 7.315349405905834379e-01
1.500000000000000222e+00 7.054770763326668748e-01
1.600000000000000089e+00 6.786728064293382490e-01
1.700000000000000178e+00 6.513244671442345313e-01
1.800000000000000266e+00 6.233353498208761279e-01
1.900000000000000133e+00 5.952078251342109994e-01
2.000000000000000000e+00 5.668513093960867444e-01
2.100000000000000089e+00 5.386153197036068763e-01
2.200000000000000178e+00 5.103944026885929297e-01
2.300000000000000266e+00 4.824588940438938045e-01
2.400000000000000355e+00 4.549635478916488340e-01
2.500000000000000444e+00 4.279085794731583570e-01
2.600000000000000089e+00 4.014719715710168835e-01
2.700000000000000178e+00 3.756909102813246193e-01
2.800000000000000266e+00 3.508091586264080464e-01
2.900000000000000355e+00 3.266732724004860478e-01
3.000000000000000444e+00 3.033715005369664319e-01
3.100000000000000089e+00 2.811516059391673261e-01
3.200000000000000178e+00 2.598597858677483829e-01
3.300000000000000266e+00 2.395706678495383157e-01
3.400000000000000355e+00 2.203225111348585397e-01
3.500000000000000444e+00 2.021212228039607206e-01
3.600000000000000089e+00 1.849401858334389082e-01
3.700000000000000178e+00 1.688386996774330628e-01
3.800000000000000266e+00 1.537158563357800822e-01
3.900000000000000355e+00 1.396343454798573136e-01
4.000000000000000000e+00 1.264785911405835739e-01
4.099999999999999645e+00 1.143041243748878499e-01
4.200000000000000178e+00 1.030340961857773852e-01
4.299999999999999822e+00 9.265950444504919559e-02
4.399999999999999467e+00 8.311991609465944897e-02
4.500000000000000000e+00 7.434341825762456890e-02
4.599999999999999645e+00 6.636639905232075143e-02
4.700000000000000178e+00 5.908521439365752720e-02
4.799999999999999822e+00 5.246523612608749304e-02
4.900000000000000355e+00 4.647830486789258225e-02
5.000000000000000000e+00 4.106149580788706621e-02
5.099999999999999645e+00 3.620818225144378094e-02
5.200000000000000178e+00 3.182229954980028003e-02
5.299999999999999822e+00 2.790481694232288187e-02
5.400000000000000355e+00 2.442019833930539341e-02
5.500000000000000000e+00 2.130514391175403893e-02
5.599999999999999645e+00 1.854946803304537845e-02
5.700000000000000178e+00 1.610857205654137383e-02
5.799999999999999822e+00 1.394613390886638785e-02
5.900000000000000355e+00 1.205397891406089633e-02
6.000000000000000000e+00 1.038165200137864362e-02
6.099999999999999645e+00 8.928870753270898991e-03
6.200000000000000178e+00 7.653148668015485184e-03
6.299999999999999822e+00 6.550090929516539859e-03
6.400000000000000355e+00 5.588741487171478006e-03
6.500000000000000000e+00 4.754280427462157302e-03
6.599999999999999645e+00 4.036750874412125580e-03
6.700000000000000178e+00 3.419524998002693248e-03
6.799999999999999822e+00 2.888342315166174314e-03
6.900000000000000355e+00 2.433291839553881463e-03
7.000000000000000000e+00 2.045693279825135623e-03
7.099999999999999645e+00 1.714319110945090527e-03
7.200000000000000178e+00 1.433806953425416884e-03
7.299999999999999822e+00 1.196778775247669784e-03
7.400000000000000355e+00 9.959179839093006310e-04
7.500000000000000000e+00 8.260695175901091409e-04
7.599999999999999645e+00 6.845787715825038663e-04
7.700000000000000178e+00 5.655446226476082416e-04
7.799999999999999822e+00 4.654670360374612713e-04
7.900000000000000355e+00 3.827455363893841173e-04
8.000000000000000000e+00 3.138342769399251795e-04
8.099999999999999645e+00 2.566323065480022791e-04
8.199999999999999289e+00 2.091562729487270980e-04
8.300000000000000711e+00 1.703444002142024164e-04
8.400000000000000355e+00 1.381498529460734796e-04
8.500000000000000000e+00 1.118095154948079589e-04
8.599999999999999645e+00 9.034062267145474075e-05
8.699999999999999289e+00 7.276829514547489210e-05
8.800000000000000711e+00 5.852080166242479970e-05
8.900000000000000355e+00 4.687099636651289241e-05
9.000000000000000000e+00 3.748395015144795832e-05
9.099999999999999645e+00 2.988275758738762514e-05
9.199999999999999289e+00 2.377589782841639190e-05
9.300000000000000711e+00 1.886543754784596037e-05
9.400000000000000355e+00 1.492334510052573094e-05
9.500000000000000000e+00 1.178077185596342036e-05
9.599999999999999645e+00 9.296723152026450709e-06
9.700000000000001066e+00 7.299929768626421277e-06
9.800000000000000711e+00 5.722001069466836258e-06
9.900000000000000355e+00 4.470407000680449931e-06
1.000000000000000000e+01 3.485475928804200025e-06
