1.000000000000000056e-01 1.875695134793106789e+01
2.000000000000000111e-01 6.781815748543631450e+00
3.000000000000000444e-01 3.931562447386580672e+00
4.000000000000000222e-01 2.765704152421855078e+00
5.000000000000000000e-01 2.157746365442925196e+00
5.999999999999999778e-01 1.789802983114638257e+00
7.000000000000000666e-01 1.544914951809519099e+00
8.000000000000000444e-01 1.370116957980045402e+00
9.000000000000000222e-01 1.237404710996228063e+00
1.000000000000000000e+00 1.131786963322342965e+00
1.100000000000000089e+00 1.045203585935815083e+00
1.200000000000000178e+00 9.711121347586555430e-01
1.300000000000000266e+00 9.064135970691705735e-01
1.400000000000000133e+00 8.488152311649106441e-01
1.500000000000000222e+00 7.965452834918648195e-01
1.600000000000000089e+00 7.484545646908143945e-01
1.700000000000000178e+00 7.038299506748640910e-01
1.800000000000000266e+00 6.617048105251051027e-01
1.900000000000000133e+00 6.220909355677306518e-01
2.000000000000000000e+00 5.843129017365131794e-01
2.100000000000000089e+00 5.484438152448847248e-01
2.200000000000000178e+00 5.142469533570660500e-01
2.300000000000000266e+00 4.813855671250398260e-01
2.400000000000000355e+00 4.501104214232546918e-01
2.500000000000000444e+00 4.201393958544415996e-01
2.600000000000000089e+00 3.914572561096374415e-01
2.700000000000000178e+00 3.641293031103507993e-01
2.800000000000000266e+00 3.380363990031436949e-01
2.900000000000000355e+00 3.132140097105970966e-01
3.000000000000000444e+00 2.896304386228049643e-01
3.100000000000000089e+00 2.672547686257559230e-01
3.200000000000000178e+00 2.460974230718218081e-01
3.300000000000000266e+00 2.260650802940343262e-01
3.400000000000000355e+00 2.073022655252693691e-01
3.500000000000000444e+00 1.896621431756766452e-01
3.600000000000000089e+00 1.731192049973049041e-01
3.700000000000000178e+00 1.576328769814740738e-01
3.800000000000000266e+00 1.432483210858720990e-01
3.900000000000000355e+00 1.298392272370283429e-01
4.000000000000000000e+00 1.174119214030460434e-01
4.099999999999999645e+00 1.059520750235644349e-01
4.200000000000000178e+00 9.534338914412462951e-02
4.299999999999999822e+00 8.562440334686584331e-02
4.399999999999999467e+00 7.671803734511578599e-02
4.500000000000000000e+00 6.856554063570910462e-02
4.599999999999999645e+00 6.111263973806951855e-02
4.700000000000000178e+00 5.439153868051069263e-02
4.799999999999999822e+00 4.823997444736137508e-02
4.900000000000000355e+00 4.270684662366190654e-02
5.000000000000000000e+00 3.769285926121200558e-02
5.099999999999999645e+00 3.321338593382344023e-02
5.200000000000000178e+00 2.918562976777778345e-02
5.299999999999999822e+00 2.558725828151704740e-02
5.400000000000000355e+00 2.236722550081287481e-02
5.500000000000000000e+00 1.951740776511245654e-02
5.599999999999999645e+00 1.698149842165892764e-02
5.700000000000000178e+00 1.473514368672503537e-02
5.799999999999999822e+00 1.276843758943539513e-02
5.900000000000000355e+00 1.101872289124696327e-02
6.000000000000000000e+00 9.496695943758780636e-03
6.099999999999999645e+00 8.163356504395648597e-03
6.200000000000000178e+00 6.997852919308674043e-03
6.299999999999999822e+00 5.986260801438094900e-03
6.400000000000000355e+00 5.107812406363707210e-03
6.500000000000000000e+00 4.344600173839299403e-03
6.599999999999999645e+00 3.688170618600422352e-03
6.700000000000000178e+00 3.123522621613993890e-03
6.799999999999999822e+00 2.639505311086904824e-03
6.900000000000000355e+00 2.223403223107644437e-03
7.000000000000000000e+00 1.870117014825254873e-03
7.099999999999999645e+00 1.566367761863471982e-03
7.200000000000000178e+00 1.309810185773572751e-03
7.299999999999999822e+00 1.092650888109583402e-03
7.400000000000000355e+00 9.102988478934925364e-04
7.500000000000000000e+00 7.545862036205487145e-04
7.599999999999999645e+00 6.248185153670967294e-04
7.700000000000000178e+00 5.164871753275196908e-04
7.799999999999999822e+00 4.261737817656239841e-04
7.900000000000000355e+00 3.499208947291052962e-04
8.000000000000000000e+00 2.868986093034958445e-04
8.099999999999999645e+00 2.347049804009845929e-04
8.199999999999999289e+00 1.917631203645473630e-04
8.300000000000000711e+00 1.559103874393358118e-04
8.400000000000000355e+00 1.265783312765205045e-04
8.500000000000000000e+00 1.025889726761572028e-04
8.599999999999999645e+00 8.277357338191756336e-05
8.699999999999999289e+00 6.661963509891205288e-05
8.800000000000000711e+00 5.350738925314430585e-05
8.900000000000000355e+00 4.288207727154400863e-05
9.000000000000000000e+00 3.427383937151520712e-05
9.099999999999999645e+00 2.734337796340411731e-05
9.199999999999999289e+00 2.174285622110306456e-05
9.300000000000000711e+00 1.726204619910908815e-05
9.400000000000000355e+00 1.367093565112116096e-05
9.500000000000000000e+00 1.080189605360606886e-05
9.599999999999999645e+00 8.501326843992165579e-06
9.700000000000001066e+00 6.679643206403410233e-06
9.800000000000000711e+00 5.233064015737710999e-06
9.900000000000000355e+00 4.090656882000014124e-06
1.000000000000000000e+01 3.194753452714797147e-06
