1.000000000000000056e-01 7.326913295088922951e+01
2.000000000000000111e-01 2.240502811634838665e+01
3.000000000000000444e-01 1.117882454748186305e+01
4.000000000000000222e-01 6.867411194489625004e+00
5.000000000000000000e-01 4.743454939933041459e+00
5.999999999999999778e-01 3.533685237091510167e+00
7.000000000000000666e-01 2.773719461089773741e+00
8.000000000000000444e-01 2.261633719841340096e+00
9.000000000000000222e-01 1.898043687023000636e+00
1.000000000000000000e+00 1.627885179634154245e+00
1.100000000000000089e+00 1.420221765196216790e+00
1.200000000000000178e+00 1.256113679962067353e+00
1.300000000000000266e+00 1.122316167681469912e+00
1.400000000000000133e+00 1.011343172261733425e+00
1.500000000000000222e+00 9.172243664273989072e-01
1.600000000000000089e+00 8.360726142256660331e-01
1.700000000000000178e+00 7.652511326533778524e-01
1.800000000000000266e+00 7.022400516485314270e-01
1.900000000000000133e+00 6.461251278145843102e-01
2.000000000000000000e+00 5.953277863571549977e-01
2.100000000000000089e+00 5.490756902831065434e-01
2.200000000000000178e+00 5.067465680206502121e-01
2.300000000000000266e+00 4.677996374415869241e-01
2.400000000000000355e+00 4.317014147379185651e-01
2.500000000000000444e+00 3.982459684611376893e-01
2.600000000000000089e+00 3.672239824408044528e-01
2.700000000000000178e+00 3.382484582089403391e-01
2.800000000000000266e+00 3.112230475391154494e-01
2.900000000000000355e+00 2.860322975750432262e-01
3.000000000000000444e+00 2.625861186789192336e-01
3.100000000000000089e+00 2.406444425690714706e-01
3.200000000000000178e+00 2.201972183891402757e-01
3.300000000000000266e+00 2.012630889418866864e-01
3.400000000000000355e+00 1.834909937467362195e-01
3.500000000000000444e+00 1.670523029948963178e-01
3.600000000000000089e+00 1.518300039673601276e-01
3.700000000000000178e+00 1.377094305623100534e-01
3.800000000000000266e+00 1.246638308789394245e-01
3.900000000000000355e+00 1.126052626112748756e-01
4.000000000000000000e+00 1.015103623552935236e-01
4.099999999999999645e+00 9.133142632431585917e-02
4.200000000000000178e+00 8.199745017547681314e-02
4.299999999999999822e+00 7.345476205707268669e-02
4.399999999999999467e+00 6.566789243039006241e-02
4.500000000000000000e+00 5.858127589157343523e-02
4.599999999999999645e+00 5.211346367770346155e-02
4.700000000000000178e+00 4.627343629175218603e-02
4.799999999999999822e+00 4.100484970051727907e-02
4.900000000000000355e+00 3.624699034314451257e-02
5.000000000000000000e+00 3.195707405833382586e-02
5.099999999999999645e+00 2.811854129071382144e-02
5.200000000000000178e+00 2.467868224764089777e-02
5.299999999999999822e+00 2.160589455596563860e-02
5.400000000000000355e+00 1.887418920232991279e-02
5.500000000000000000e+00 1.645016490479144985e-02
5.599999999999999645e+00 1.430862633517508177e-02
5.700000000000000178e+00 1.241239267113128895e-02
5.799999999999999822e+00 1.073882601687933466e-02
5.900000000000000355e+00 9.270293020708756521e-03
6.000000000000000000e+00 7.986492481437082458e-03
6.099999999999999645e+00 6.857518158622514376e-03
6.200000000000000178e+00 5.880643500847262603e-03
6.299999999999999822e+00 5.030321199391625531e-03
6.400000000000000355e+00 4.288027365889104416e-03
6.500000000000000000e+00 3.650135675593641025e-03
6.599999999999999645e+00 3.100237726368979332e-03
6.700000000000000178e+00 2.622893500016194087e-03
6.799999999999999822e+00 2.214806142444328187e-03
6.900000000000000355e+00 1.866313589567447466e-03
7.000000000000000000e+00 1.567546794562425360e-03
7.099999999999999645e+00 1.314938295957979999e-03
7.200000000000000178e+00 1.100234544176983704e-03
7.299999999999999822e+00 9.188350647524899445e-04
7.400000000000000355e+00 7.640035900399307295e-04
7.500000000000000000e+00 6.337172709792377508e-04
7.599999999999999645e+00 5.253728390391422792e-04
7.700000000000000178e+00 4.342528199235615974e-04
7.799999999999999822e+00 3.576238263820413028e-04
7.900000000000000355e+00 2.939615685512624661e-04
8.000000000000000000e+00 2.411817462658867128e-04
8.099999999999999645e+00 1.974231443785137935e-04
8.199999999999999289e+00 1.609626287394967539e-04
8.300000000000000711e+00 1.308268548385101290e-04
8.400000000000000355e+00 1.062848752582337702e-04
8.500000000000000000e+00 8.621056630426471540e-05
8.599999999999999645e+00 6.966593478679707291e-05
8.699999999999999289e+00 5.615343081862308154e-05
8.800000000000000711e+00 4.514889126397269453e-05
8.900000000000000355e+00 3.622054361781403513e-05
9.000000000000000000e+00 2.895018404290333920e-05
9.099999999999999645e+00 2.308427005623371419e-05
9.199999999999999289e+00 1.835025534111501435e-05
9.300000000000000711e+00 1.456316543678765270e-05
9.400000000000000355e+00 1.154305183508462659e-05
9.500000000000000000e+00 9.115398473012242879e-06
9.599999999999999645e+00 7.187256741125205321e-06
9.700000000000001066e+00 5.652566228274020016e-06
9.800000000000000711e+00 4.437361930177694632e-06
9.900000000000000355e+00 3.473459950760985894e-06
1.000000000000000000e+01 2.707709425559623362e-06
