1.000000000000000056e-01 1.362191713206737518e+02
2.000000000000000111e-01 3.930462529766050750e+01
3.000000000000000444e-01 1.858780119158015864e+01
4.000000000000000222e-01 1.086450719648467889e+01
5.000000000000000000e-01 7.158650890697982661e+00
5.999999999999999778e-01 5.098670117986989325e+00
7.000000000000000666e-01 3.836391846664369609e+00
8.000000000000000444e-01 3.006240247217232042e+00
9.000000000000000222e-01 2.430395375642119049e+00
1.000000000000000000e+00 2.013609253676444055e+00
1.100000000000000089e+00 1.701578260850763025e+00
1.200000000000000178e+00 1.460404743923669590e+00
1.300000000000000266e+00 1.269974198172729718e+00
1.400000000000000133e+00 1.116273189119084464e+00
1.500000000000000222e+00 9.892661913429217080e-01
1.600000000000000089e+00 8.830453619709047741e-01
1.700000000000000178e+00 7.929621282008346705e-01
1.800000000000000266e+00 7.153345651365115021e-01
1.900000000000000133e+00 6.475534257892993084e-01
2.000000000000000000e+00 5.881402704271110338e-01
2.100000000000000089e+00 5.352642047649203150e-01
2.200000000000000178e+00 4.879923952016346211e-01
2.300000000000000266e+00 4.455605774935439967e-01
2.400000000000000355e+00 4.070000631996281149e-01
2.500000000000000444e+00 3.720763780700060419e-01
2.600000000000000089e+00 3.401720237467587005e-01
2.700000000000000178e+00 3.108597556623616809e-01
2.800000000000000266e+00 2.839869433679114707e-01
2.900000000000000355e+00 2.593558446930300798e-01
3.000000000000000444e+00 2.365809157596068801e-01
3.100000000000000089e+00 2.156962527262042961e-01
3.200000000000000178e+00 1.963442778198776217e-01
3.300000000000000266e+00 1.785766367611725525e-01
3.400000000000000355e+00 1.621462865391479491e-01
3.500000000000000444e+00 1.470138393064654714e-01
3.600000000000000089e+00 1.331812703413116639e-01
3.700000000000000178e+00 1.203625638218394495e-01
3.800000000000000266e+00 1.086230105250396150e-01
3.900000000000000355e+00 9.782445130599651262e-02
4.000000000000000000e+00 8.796814739393263305e-02
4.099999999999999645e+00 7.894162291648242069e-02
4.200000000000000178e+00 7.071434403171521221e-02
4.299999999999999822e+00 6.322949154928136917e-02
4.399999999999999467e+00 5.642446806349266097e-02
4.500000000000000000e+00 5.022827990244705526e-02
4.599999999999999645e+00 4.461993793936790131e-02
4.700000000000000178e+00 3.955295047980551121e-02
4.799999999999999822e+00 3.498326659967666841e-02
4.900000000000000355e+00 3.088306025382384426e-02
5.000000000000000000e+00 2.721270683532698784e-02
5.099999999999999645e+00 2.391191625401690307e-02
5.200000000000000178e+00 2.097133085523859505e-02
5.299999999999999822e+00 1.834706734996609245e-02
5.400000000000000355e+00 1.601096427304097777e-02
5.500000000000000000e+00 1.394126828619394673e-02
5.599999999999999645e+00 1.211875030635083811e-02
5.700000000000000178e+00 1.050986588674874059e-02
5.799999999999999822e+00 9.091729164877760533e-03
5.900000000000000355e+00 7.842014628073695065e-03
6.000000000000000000e+00 6.750300569701221838e-03
6.099999999999999645e+00 5.793427764196582182e-03
6.200000000000000178e+00 4.966380154678563634e-03
6.299999999999999822e+00 4.248606972499874290e-03
6.400000000000000355e+00 3.619497267022905689e-03
6.500000000000000000e+00 3.080944875834416667e-03
6.599999999999999645e+00 2.614793625403992721e-03
6.700000000000000178e+00 2.215074406290895928e-03
6.799999999999999822e+00 1.869214817911974379e-03
6.900000000000000355e+00 1.574543756409866897e-03
7.000000000000000000e+00 1.324810854011797311e-03
7.099999999999999645e+00 1.110184525919348606e-03
7.200000000000000178e+00 9.276780814568795757e-04
7.299999999999999822e+00 7.740888096140060778e-04
7.400000000000000355e+00 6.442369485887168698e-04
7.500000000000000000e+00 5.351621532305512368e-04
7.599999999999999645e+00 4.436257251213624863e-04
7.700000000000000178e+00 3.667470689288071105e-04
7.799999999999999822e+00 3.018854383140697731e-04
7.900000000000000355e+00 2.481164737540583840e-04
8.000000000000000000e+00 2.035613786564363366e-04
8.099999999999999645e+00 1.666957166765907017e-04
8.199999999999999289e+00 1.362589086205365533e-04
8.300000000000000711e+00 1.107308743840084136e-04
8.400000000000000355e+00 8.986911212379198417e-05
8.500000000000000000e+00 7.281803514823026653e-05
8.599999999999999645e+00 5.888832856823685014e-05
8.699999999999999289e+00 4.749125842043327598e-05
8.800000000000000711e+00 3.820040332995676765e-05
8.900000000000000355e+00 3.064553538027568459e-05
9.000000000000000000e+00 2.453850323628933128e-05
9.099999999999999645e+00 1.956114954593469858e-05
9.199999999999999289e+00 1.556786603738335948e-05
9.300000000000000711e+00 1.237273689757006804e-05
9.400000000000000355e+00 9.796607776086453033e-06
9.500000000000000000e+00 7.740802302329502331e-06
9.599999999999999645e+00 6.109755342917902006e-06
9.700000000000001066e+00 4.804555033860484213e-06
9.800000000000000711e+00 3.770116269011848461e-06
9.900000000000000355e+00 2.950551421071402793e-06
1.000000000000000000e+01 2.299670590456829453e-06
